5.758037314651257475e+03 2.332247300560386449e+01 1.784626966807932646e+01 9.807906273066221203e+00 6.717365179007176224e+00 6.111287931817538599e+00 2.900595591792727745e+00 1.638104896013651279e+00 3.580446775873536436e-01 4.616259419242848550e-01 7.280148426947753715e-02 -4.602213992274956783e-02 3.814807021230279260e-02 3.819217317008893886e-02 -2.128840777871444934e-02
2.332247300560386449e+01 1.416395785504669448e+03 1.895507179163119815e+01 6.203485038292177123e+00 7.874618367590838552e+00 3.125356777563784494e+00 2.193429880722128633e+00 8.271806988017413875e-01 3.744552798460519805e-01 2.983215625164420959e-01 -5.967441316681439123e-02 1.349443380434754529e-02 -1.190915201873456522e-02 3.485570644130765727e-02 5.381466323558148704e-03
1.784626966807932646e+01 1.895507179163119815e+01 7.299525362001267013e+02 1.116653650870597758e+01 7.319728103731987900e+00 2.086172165685135305e+00 2.181609995525839896e+00 4.016451220252709731e-01 3.887681101284484186e-01 1.942208250335782094e-01 1.163385172746819740e-02 3.551063704175235619e-02 1.677246225985984038e-02 1.054983261286476619e-03 2.997233507549246743e-04
9.807906273066221203e+00 6.203485038292177123e+00 1.116653650870597758e+01 2.363755990976633257e+02 4.474860699440113443e+00 2.235229428144606789e+00 1.218757513532929604e+00 3.322102248869409080e-01 1.796312747411715205e-01 5.169057860943979121e-02 2.565403768114737221e-02 3.302749917508829985e-02 1.294003284424196515e-02 -5.373001130564399215e-03 -1.961816620352754750e-03
6.717365179007176224e+00 7.874618367590838552e+00 7.319728103731987900e+00 4.474860699440113443e+00 9.456387517078317728e+01 1.883058702870078482e+00 1.173595391471326854e+00 3.677081076273250315e-01 1.435249311948159912e-01 1.009458618214681275e-01 3.281250512678558773e-02 2.162411654704569572e-02 1.166965338878245186e-03 -1.747470560916861669e-03 1.679684032358522410e-03
6.111287931817538599e+00 3.125356777563784494e+00 2.086172165685135305e+00 2.235229428144606789e+00 1.883058702870078482e+00 3.902198780549887402e+01 5.577406771592184898e-01 2.424840532788623548e-01 1.454605290008479379e-01 6.872304666136017093e-02 2.670609841916065860e-02 1.934388954405394725e-02 -1.958913181568033780e-05 5.511127934721277155e-03 1.234457350056566418e-03
2.900595591792727745e+00 2.193429880722128633e+00 2.181609995525839896e+00 1.218757513532929604e+00 1.173595391471326854e+00 5.577406771592184898e-01 1.573249433839644240e+01 2.256069551767870274e-01 9.961341806006553112e-02 5.967949209137057148e-02 1.617997581562067438e-02 1.182582071254712278e-02 5.527976238948733613e-03 1.900198457470764473e-03 7.498441293639188272e-04
1.638104896013651279e+00 8.271806988017413875e-01 4.016451220252709731e-01 3.322102248869409080e-01 3.677081076273250315e-01 2.424840532788623548e-01 2.256069551767870274e-01 6.463838680333619635e+00 7.957420037436865878e-02 6.407553491619467911e-02 1.553531345331168184e-02 7.976830498334662456e-03 3.741129970118641391e-04 6.933413766743130391e-04 -6.369464670825460313e-04
3.580446775873536436e-01 3.744552798460519805e-01 3.887681101284484186e-01 1.796312747411715205e-01 1.435249311948159912e-01 1.454605290008479379e-01 9.961341806006553112e-02 7.957420037436865878e-02 2.683400502617132144e+00 3.245987324350210063e-02 8.211463196407562531e-03 6.880872394504365490e-03 1.185434549553174310e-04 2.318764160970729869e-03 1.054366908015841710e-03
4.616259419242848550e-01 2.983215625164420959e-01 1.942208250335782094e-01 5.169057860943979121e-02 1.009458618214681275e-01 6.872304666136017093e-02 5.967949209137057148e-02 6.407553491619467911e-02 3.245987324350210063e-02 1.094087456869334396e+00 1.553190051814590071e-02 3.114177244503457502e-03 2.835400042926998834e-03 4.842404208888699654e-04 4.417190961514199732e-04
7.280148426947753715e-02 -5.967441316681439123e-02 1.163385172746819740e-02 2.565403768114737221e-02 3.281250512678558773e-02 2.670609841916065860e-02 1.617997581562067438e-02 1.553531345331168184e-02 8.211463196407562531e-03 1.553190051814590071e-02 4.525882927311576376e-01 6.138273657739027819e-03 2.469514424315302423e-03 4.885139770297642660e-04 2.716004498203478958e-04
-4.602213992274956783e-02 1.349443380434754529e-02 3.551063704175235619e-02 3.302749917508829985e-02 2.162411654704569572e-02 1.934388954405394725e-02 1.182582071254712278e-02 7.976830498334662456e-03 6.880872394504365490e-03 3.114177244503457502e-03 6.138273657739027819e-03 1.894718171556021846e-01 4.843292198863946921e-03 1.606293780195934724e-03 6.629263827825384019e-04
3.814807021230279260e-02 -1.190915201873456522e-02 1.677246225985984038e-02 1.294003284424196515e-02 1.166965338878245186e-03 -1.958913181568033780e-05 5.527976238948733613e-03 3.741129970118641391e-04 1.185434549553174310e-04 2.835400042926998834e-03 2.469514424315302423e-03 4.843292198863946921e-03 8.295932425662233545e-02 4.253509683816308201e-03 1.656663999839591605e-03
3.819217317008893886e-02 3.485570644130765727e-02 1.054983261286476619e-03 -5.373001130564399215e-03 -1.747470560916861669e-03 5.511127934721277155e-03 1.900198457470764473e-03 6.933413766743130391e-04 2.318764160970729869e-03 4.842404208888699654e-04 4.885139770297642660e-04 1.606293780195934724e-03 4.253509683816308201e-03 3.848882390453411267e-02 4.186993409693485699e-03
-2.128840777871444934e-02 5.381466323558148704e-03 2.997233507549246743e-04 -1.961816620352754750e-03 1.679684032358522410e-03 1.234457350056566418e-03 7.498441293639188272e-04 -6.369464670825460313e-04 1.054366908015841710e-03 4.417190961514199732e-04 2.716004498203478958e-04 6.629263827825384019e-04 1.656663999839591605e-03 4.186993409693485699e-03 2.000837704243804693e-02
